x y_f0 y1_f0 y_f1 y1_f1
-31.92 7.46e-16 5.97e-16 3.84e-15 3.07e-15
-31.76 2.38e-15 1.90e-15 8.28e-15 6.62e-15
-31.60 6.79e-15 5.43e-15 1.66e-14 1.33e-14
-31.44 1.76e-14 1.41e-14 3.12e-14 2.50e-14
-31.29 4.20e-14 3.36e-14 5.78e-14 4.62e-14
-31.13 9.38e-14 7.51e-14 9.87e-14 7.90e-14
-30.97 1.98e-13 1.58e-13 1.64e-13 1.31e-13
-30.81 3.99e-13 3.17e-13 2.69e-13 2.14e-13
-30.65 7.72e-13 6.09e-13 4.39e-13 3.46e-13
-30.49 1.45e-12 1.13e-12 7.22e-13 5.64e-13
-30.33 2.64e-12 2.04e-12 1.21e-12 9.33e-13
-30.17 4.69e-12 3.59e-12 2.06e-12 1.57e-12
-30.01 8.18e-12 6.20e-12 3.57e-12 2.70e-12
-29.86 1.40e-11 1.05e-11 6.48e-12 4.87e-12
-29.70 2.35e-11 1.75e-11 1.14e-11 8.47e-12
-29.54 3.89e-11 2.86e-11 2.00e-11 1.47e-11
-29.38 6.33e-11 4.61e-11 3.48e-11 2.53e-11
-29.22 1.02e-10 7.32e-11 5.97e-11 4.30e-11
-29.06 1.61e-10 1.15e-10 1.01e-10 7.20e-11
-28.90 2.50e-10 1.76e-10 1.67e-10 1.18e-10
-28.74 3.84e-10 2.68e-10 2.73e-10 1.90e-10
-28.59 5.81e-10 4.02e-10 4.47e-10 3.09e-10
-28.43 8.67e-10 5.93e-10 6.99e-10 4.78e-10
-28.27 1.28e-09 8.64e-10 1.07e-09 7.24e-10
-28.11 1.85e-09 1.24e-09 1.61e-09 1.08e-09
-27.95 2.66e-09 1.76e-09 2.38e-09 1.58e-09
-27.79 3.76e-09 2.46e-09 3.46e-09 2.27e-09
-27.63 5.26e-09 3.41e-09 4.95e-09 3.21e-09
-27.47 7.27e-09 4.65e-09 6.98e-09 4.46e-09
-27.31 9.93e-09 6.28e-09 9.68e-09 6.12e-09
-27.16 1.34e-08 8.39e-09 1.35e-08 8.43e-09
-27.00 1.79e-08 1.11e-08 1.81e-08 1.12e-08
-26.84 2.37e-08 1.45e-08 2.42e-08 1.47e-08
-26.68 3.10e-08 1.87e-08 3.17e-08 1.91e-08
-26.52 4.02e-08 2.40e-08 4.12e-08 2.46e-08
-26.36 5.17e-08 3.04e-08 5.30e-08 3.12e-08
-26.20 6.58e-08 3.83e-08 6.73e-08 3.91e-08
-26.04 8.31e-08 4.77e-08 8.48e-08 4.87e-08
-25.89 1.04e-07 5.90e-08 1.07e-07 6.06e-08
-25.73 1.29e-07 7.24e-08 1.32e-07 7.39e-08
-25.57 1.60e-07 8.82e-08 1.62e-07 8.93e-08
-25.41 1.96e-07 1.07e-07 1.97e-07 1.07e-07
-25.25 2.39e-07 1.28e-07 2.37e-07 1.27e-07
-25.09 2.89e-07 1.53e-07 2.84e-07 1.50e-07
-24.93 3.47e-07 1.81e-07 3.37e-07 1.76e-07
-24.77 4.15e-07 2.13e-07 3.98e-07 2.04e-07
-24.61 4.94e-07 2.49e-07 4.67e-07 2.36e-07
-24.46 5.84e-07 2.90e-07 5.50e-07 2.73e-07
-24.30 6.87e-07 3.36e-07 6.37e-07 3.11e-07
-24.14 8.05e-07 3.87e-07 7.35e-07 3.53e-07
-23.98 9.38e-07 4.43e-07 8.44e-07 3.98e-07
-23.82 1.09e-06 5.04e-07 9.63e-07 4.47e-07
-23.66 1.26e-06 5.72e-07 1.10e-06 4.98e-07
-23.50 1.44e-06 6.45e-07 1.24e-06 5.53e-07
-23.34 1.66e-06 7.23e-07 1.40e-06 6.11e-07
-23.19 1.89e-06 8.08e-07 1.58e-06 6.75e-07
-23.03 2.14e-06 8.98e-07 1.76e-06 7.38e-07
-22.87 2.43e-06 9.94e-07 1.96e-06 8.03e-07
-22.71 2.74e-06 1.09e-06 2.18e-06 8.69e-07
-22.55 3.08e-06 1.20e-06 2.40e-06 9.37e-07
-22.39 3.45e-06 1.31e-06 2.65e-06 1.01e-06
-22.23 3.86e-06 1.42e-06 2.91e-06 1.07e-06
-22.07 4.29e-06 1.54e-06 3.18e-06 1.14e-06
-21.91 4.77e-06 1.66e-06 3.47e-06 1.21e-06
-21.76 5.28e-06 1.78e-06 3.78e-06 1.28e-06
-21.60 5.84e-06 1.90e-06 4.10e-06 1.34e-06
-21.44 6.44e-06 2.03e-06 4.43e-06 1.39e-06
-21.28 7.09e-06 2.15e-06 4.77e-06 1.45e-06
-21.12 7.79e-06 2.27e-06 5.13e-06 1.49e-06
-20.96 8.55e-06 2.39e-06 5.49e-06 1.54e-06
-20.80 9.36e-06 2.50e-06 5.87e-06 1.57e-06
-20.64 1.02e-05 2.61e-06 6.26e-06 1.60e-06
-20.49 1.12e-05 2.71e-06 6.66e-06 1.61e-06
-20.33 1.22e-05 2.80e-06 7.06e-06 1.62e-06
-20.17 1.33e-05 2.88e-06 7.47e-06 1.62e-06
-20.01 1.45e-05 2.95e-06 7.89e-06 1.61e-06
-19.85 1.58e-05 3.00e-06 8.30e-06 1.58e-06
-19.69 1.71e-05 3.04e-06 8.72e-06 1.55e-06
-19.53 1.86e-05 3.05e-06 9.14e-06 1.50e-06
-19.37 2.02e-05 3.24e-06 9.55e-06 1.53e-06
-19.21 2.20e-05 3.52e-06 9.96e-06 1.59e-06
-19.06 2.39e-05 3.81e-06 1.04e-05 1.66e-06
-18.90 2.59e-05 4.14e-06 1.08e-05 1.73e-06
-18.74 2.80e-05 4.49e-06 1.12e-05 1.79e-06
-18.58 3.04e-05 4.86e-06 1.15e-05 1.85e-06
-18.42 3.29e-05 5.26e-06 1.19e-05 1.90e-06
-18.26 3.56e-05 5.69e-06 1.22e-05 1.96e-06
-18.10 3.85e-05 6.15e-06 1.26e-05 2.01e-06
-17.94 4.16e-05 6.65e-06 1.29e-05 2.06e-06
-17.79 4.48e-05 7.18e-06 1.31e-05 2.10e-06
-17.63 4.84e-05 7.74e-06 1.34e-05 2.14e-06
-17.47 5.21e-05 8.34e-06 1.36e-05 2.17e-06
-17.31 5.61e-05 8.97e-06 1.38e-05 2.20e-06
-17.15 6.02e-05 9.64e-06 1.39e-05 2.22e-06
-16.99 6.46e-05 1.03e-05 1.40e-05 2.24e-06
-16.83 6.92e-05 1.11e-05 1.41e-05 2.25e-06
-16.67 7.41e-05 1.19e-05 1.41e-05 2.25e-06
-16.51 7.91e-05 1.27e-05 1.41e-05 2.25e-06
-16.36 8.43e-05 1.35e-05 1.40e-05 2.24e-06
-16.20 8.97e-05 1.43e-05 1.39e-05 2.22e-06
-16.04 9.52e-05 1.52e-05 1.37e-05 2.19e-06
-15.88 1.01e-04 1.61e-05 1.35e-05 2.16e-06
-15.72 1.07e-04 1.70e-05 1.33e-05 2.12e-06
-15.56 1.12e-04 1.79e-05 1.30e-05 2.08e-06
-15.40 1.18e-04 1.89e-05 1.27e-05 2.02e-06
-15.24 1.24e-04 1.98e-05 1.23e-05 1.97e-06
-15.09 1.29e-04 2.07e-05 1.19e-05 1.90e-06
-14.93 1.35e-04 2.15e-05 1.14e-05 1.83e-06
-14.77 1.40e-04 2.24e-05 1.10e-05 1.75e-06
-14.61 1.45e-04 2.32e-05 1.05e-05 1.67e-06
-14.45 1.49e-04 2.39e-05 9.95e-06 1.59e-06
-14.29 1.53e-04 2.45e-05 9.42e-06 1.51e-06
-14.13 1.57e-04 2.51e-05 8.86e-06 1.42e-06
-13.97 1.60e-04 2.56e-05 8.31e-06 1.33e-06
-13.81 1.63e-04 2.60e-05 7.75e-06 1.24e-06
-13.66 1.64e-04 2.63e-05 7.15e-06 1.14e-06
-13.50 1.66e-04 2.65e-05 6.59e-06 1.05e-06
-13.34 1.66e-04 2.66e-05 6.04e-06 9.66e-07
-13.18 1.66e-04 2.65e-05 5.50e-06 8.80e-07
-13.02 1.64e-04 2.63e-05 4.98e-06 7.96e-07
-12.86 1.62e-04 2.60e-05 4.47e-06 7.16e-07
-12.70 1.60e-04 2.55e-05 3.99e-06 6.39e-07
-12.54 1.56e-04 2.49e-05 3.54e-06 5.66e-07
-12.39 1.51e-04 2.42e-05 3.09e-06 4.94e-07
-12.23 1.46e-04 2.34e-05 2.69e-06 4.30e-07
-12.07 1.40e-04 2.25e-05 2.32e-06 3.72e-07
-11.91 1.34e-04 2.14e-05 1.99e-06 3.18e-07
-11.75 1.27e-04 2.03e-05 1.69e-06 2.70e-07
-11.59 1.19e-04 1.90e-05 1.42e-06 2.27e-07
-11.43 1.11e-04 1.78e-05 1.18e-06 1.89e-07
-11.27 1.03e-04 1.64e-05 9.68e-07 1.55e-07
-11.11 9.42e-05 1.51e-05 7.87e-07 1.26e-07
-10.96 8.56e-05 1.37e-05 6.22e-07 9.96e-08
-10.80 7.70e-05 1.23e-05 4.92e-07 7.87e-08
-10.64 6.86e-05 1.10e-05 3.83e-07 6.13e-08
-10.48 6.04e-05 9.66e-06 2.94e-07 4.71e-08
-10.32 5.26e-05 8.41e-06 2.22e-07 3.56e-08
-10.16 4.52e-05 7.23e-06 1.65e-07 2.64e-08
-10.00 3.83e-05 6.14e-06 1.20e-07 1.92e-08
-9.84 3.21e-05 5.13e-06 8.48e-08 1.36e-08
-9.69 2.64e-05 4.23e-06 5.90e-08 9.43e-09
-9.53 2.15e-05 3.44e-06 4.00e-08 6.39e-09
-9.37 1.71e-05 2.74e-06 2.63e-08 4.21e-09
-9.21 1.34e-05 2.14e-06 1.68e-08 2.69e-09
-9.05 1.03e-05 1.65e-06 1.04e-08 1.67e-09
-8.89 7.72e-06 1.24e-06 6.22e-09 9.95e-10
-8.73 5.65e-06 9.03e-07 3.57e-09 5.71e-10
-8.57 4.01e-06 6.42e-07 1.95e-09 3.12e-10
-8.41 2.76e-06 4.41e-07 1.02e-09 1.63e-10
-8.26 1.83e-06 2.92e-07 5.05e-10 8.08e-11
-8.10 1.16e-06 1.85e-07 2.36e-10 3.77e-11
-7.94 7.00e-07 1.12e-07 1.03e-10 1.64e-11
-7.78 3.99e-07 6.39e-08 4.18e-11 6.68e-12
-7.62 2.14e-07 3.42e-08 1.55e-11 2.48e-12
-7.46 1.06e-07 1.69e-08 5.30e-12 8.49e-13
-7.30 4.82e-08 7.71e-09 1.65e-12 2.64e-13
-7.14 1.99e-08 3.18e-09 4.63e-13 7.40e-14
-6.99 7.34e-09 1.17e-09 1.17e-13 1.87e-14
-6.83 2.39e-09 3.83e-10 2.62e-14 4.19e-15
-6.67 6.81e-10 1.09e-10 5.07e-15 8.12e-16
-6.51 1.66e-10 2.66e-11 8.74e-16 1.40e-16
-6.35 3.46e-11 5.54e-12 1.30e-16 2.08e-17
-6.19 6.16e-12 9.86e-13 1.62e-17 2.59e-18
-6.03 9.47e-13 1.51e-13 1.57e-18 2.52e-19
-5.87 1.21e-13 1.93e-14 1.03e-19 1.64e-20
-5.71 1.14e-14 1.83e-15 4.28e-21 6.85e-22
-5.56 6.66e-16 1.07e-16 9.08e-23 1.45e-23
-5.40 1.88e-17 3.00e-18 9.03e-25 1.45e-25
-5.24 1.67e-19 2.68e-20 3.13e-27 5.01e-28
-5.08 2.86e-22 4.58e-23 6.00e-30 9.60e-31
