x y_f0 y1_f0 y_f1 y1_f1
-31.92 7.71e-15 6.17e-15 5.36e-15 4.29e-15
-31.76 1.81e-14 1.45e-14 1.07e-14 8.52e-15
-31.60 3.96e-14 3.17e-14 1.99e-14 1.59e-14
-31.44 8.17e-14 6.54e-14 3.53e-14 2.82e-14
-31.29 1.60e-13 1.28e-13 6.17e-14 4.94e-14
-31.13 3.01e-13 2.41e-13 1.00e-13 8.04e-14
-30.97 5.45e-13 4.36e-13 1.59e-13 1.27e-13
-30.81 9.57e-13 7.62e-13 2.48e-13 1.98e-13
-30.65 1.63e-12 1.29e-12 3.84e-13 3.02e-13
-30.49 2.72e-12 2.12e-12 5.93e-13 4.63e-13
-30.33 4.42e-12 3.42e-12 9.24e-13 7.14e-13
-30.17 7.05e-12 5.39e-12 1.46e-12 1.12e-12
-30.01 1.10e-11 8.37e-12 2.33e-12 1.76e-12
-29.86 1.70e-11 1.27e-11 3.88e-12 2.91e-12
-29.70 2.57e-11 1.91e-11 6.32e-12 4.70e-12
-29.54 3.85e-11 2.83e-11 1.03e-11 7.60e-12
-29.38 5.66e-11 4.12e-11 1.69e-11 1.23e-11
-29.22 8.23e-11 5.93e-11 2.73e-11 1.97e-11
-29.06 1.18e-10 8.42e-11 4.38e-11 3.12e-11
-28.90 1.67e-10 1.18e-10 6.94e-11 4.90e-11
-28.74 2.35e-10 1.64e-10 1.08e-10 7.56e-11
-28.59 3.25e-10 2.25e-10 1.71e-10 1.18e-10
-28.43 4.46e-10 3.05e-10 2.57e-10 1.76e-10
-28.27 6.06e-10 4.10e-10 3.82e-10 2.58e-10
-28.11 8.15e-10 5.45e-10 5.57e-10 3.73e-10
-27.95 1.09e-09 7.19e-10 8.00e-10 5.30e-10
-27.79 1.44e-09 9.39e-10 1.13e-09 7.42e-10
-27.63 1.88e-09 1.22e-09 1.58e-09 1.02e-09
-27.47 2.44e-09 1.56e-09 2.18e-09 1.39e-09
-27.31 3.15e-09 1.99e-09 2.95e-09 1.87e-09
-27.16 4.03e-09 2.52e-09 4.02e-09 2.52e-09
-27.00 5.13e-09 3.17e-09 5.32e-09 3.29e-09
-26.84 6.47e-09 3.95e-09 6.95e-09 4.24e-09
-26.68 8.12e-09 4.90e-09 8.97e-09 5.41e-09
-26.52 1.01e-08 6.03e-09 1.15e-08 6.84e-09
-26.36 1.26e-08 7.39e-09 1.45e-08 8.55e-09
-26.20 1.55e-08 8.99e-09 1.82e-08 1.06e-08
-26.04 1.90e-08 1.09e-08 2.26e-08 1.30e-08
-25.89 2.31e-08 1.31e-08 2.82e-08 1.60e-08
-25.73 2.80e-08 1.57e-08 3.45e-08 1.93e-08
-25.57 3.39e-08 1.87e-08 4.18e-08 2.31e-08
-25.41 4.07e-08 2.21e-08 5.04e-08 2.74e-08
-25.25 4.88e-08 2.61e-08 6.02e-08 3.23e-08
-25.09 5.81e-08 3.07e-08 7.16e-08 3.78e-08
-24.93 6.90e-08 3.59e-08 8.46e-08 4.41e-08
-24.77 8.16e-08 4.19e-08 9.95e-08 5.10e-08
-24.61 9.62e-08 4.86e-08 1.16e-07 5.87e-08
-24.46 1.13e-07 5.61e-08 1.37e-07 6.78e-08
-24.30 1.32e-07 6.46e-08 1.58e-07 7.72e-08
-24.14 1.54e-07 7.41e-08 1.82e-07 8.76e-08
-23.98 1.80e-07 8.47e-08 2.09e-07 9.88e-08
-23.82 2.08e-07 9.65e-08 2.39e-07 1.11e-07
-23.66 2.41e-07 1.09e-07 2.73e-07 1.24e-07
-23.50 2.78e-07 1.24e-07 3.10e-07 1.38e-07
-23.34 3.19e-07 1.40e-07 3.51e-07 1.54e-07
-23.19 3.67e-07 1.57e-07 3.99e-07 1.71e-07
-23.03 4.20e-07 1.76e-07 4.49e-07 1.88e-07
-22.87 4.79e-07 1.96e-07 5.04e-07 2.06e-07
-22.71 5.47e-07 2.18e-07 5.65e-07 2.26e-07
-22.55 6.22e-07 2.43e-07 6.31e-07 2.46e-07
-22.39 7.07e-07 2.68e-07 7.03e-07 2.67e-07
-22.23 8.02e-07 2.96e-07 7.82e-07 2.89e-07
-22.07 9.09e-07 3.26e-07 8.67e-07 3.11e-07
-21.91 1.03e-06 3.58e-07 9.61e-07 3.34e-07
-21.76 1.16e-06 3.92e-07 1.07e-06 3.60e-07
-21.60 1.31e-06 4.28e-07 1.18e-06 3.84e-07
-21.44 1.48e-06 4.66e-07 1.30e-06 4.08e-07
-21.28 1.67e-06 5.06e-07 1.42e-06 4.32e-07
-21.12 1.88e-06 5.48e-07 1.56e-06 4.56e-07
-20.96 2.12e-06 5.92e-07 1.72e-06 4.80e-07
-20.80 2.38e-06 6.37e-07 1.88e-06 5.03e-07
-20.64 2.68e-06 6.83e-07 2.06e-06 5.24e-07
-20.49 3.01e-06 7.31e-07 2.25e-06 5.46e-07
-20.33 3.39e-06 7.78e-07 2.46e-06 5.65e-07
-20.17 3.81e-06 8.26e-07 2.68e-06 5.81e-07
-20.01 4.28e-06 8.72e-07 2.92e-06 5.95e-07
-19.85 4.81e-06 9.16e-07 3.17e-06 6.05e-07
-19.69 5.40e-06 9.56e-07 3.45e-06 6.11e-07
-19.53 6.06e-06 9.92e-07 3.74e-06 6.12e-07
-19.37 6.80e-06 1.09e-06 4.05e-06 6.48e-07
-19.21 7.64e-06 1.22e-06 4.38e-06 7.01e-07
-19.06 8.57e-06 1.37e-06 4.75e-06 7.60e-07
-18.90 9.60e-06 1.54e-06 5.12e-06 8.20e-07
-18.74 1.08e-05 1.72e-06 5.52e-06 8.82e-07
-18.58 1.20e-05 1.93e-06 5.93e-06 9.48e-07
-18.42 1.35e-05 2.16e-06 6.36e-06 1.02e-06
-18.26 1.51e-05 2.41e-06 6.81e-06 1.09e-06
-18.10 1.68e-05 2.70e-06 7.27e-06 1.16e-06
-17.94 1.88e-05 3.01e-06 7.76e-06 1.24e-06
-17.79 2.09e-05 3.35e-06 8.29e-06 1.33e-06
-17.63 2.33e-05 3.73e-06 8.80e-06 1.41e-06
-17.47 2.59e-05 4.15e-06 9.31e-06 1.49e-06
-17.31 2.88e-05 4.60e-06 9.84e-06 1.57e-06
-17.15 3.19e-05 5.10e-06 1.04e-05 1.66e-06
-16.99 3.52e-05 5.64e-06 1.09e-05 1.74e-06
-16.83 3.89e-05 6.22e-06 1.14e-05 1.83e-06
-16.67 4.28e-05 6.85e-06 1.19e-05 1.91e-06
-16.51 4.71e-05 7.53e-06 1.24e-05 1.99e-06
-16.36 5.17e-05 8.26e-06 1.30e-05 2.07e-06
-16.20 5.65e-05 9.04e-06 1.34e-05 2.15e-06
-16.04 6.17e-05 9.87e-06 1.39e-05 2.22e-06
-15.88 6.72e-05 1.08e-05 1.43e-05 2.28e-06
-15.72 7.29e-05 1.17e-05 1.46e-05 2.34e-06
-15.56 7.90e-05 1.26e-05 1.49e-05 2.39e-06
-15.40 8.53e-05 1.36e-05 1.52e-05 2.44e-06
-15.24 9.18e-05 1.47e-05 1.54e-05 2.47e-06
-15.09 9.85e-05 1.58e-05 1.56e-05 2.50e-06
-14.93 1.05e-04 1.69e-05 1.57e-05 2.52e-06
-14.77 1.12e-04 1.80e-05 1.58e-05 2.52e-06
-14.61 1.20e-04 1.91e-05 1.58e-05 2.52e-06
-14.45 1.27e-04 2.03e-05 1.57e-05 2.51e-06
-14.29 1.34e-04 2.14e-05 1.55e-05 2.49e-06
-14.13 1.40e-04 2.25e-05 1.53e-05 2.45e-06
-13.97 1.47e-04 2.35e-05 1.50e-05 2.41e-06
-13.81 1.53e-04 2.45e-05 1.47e-05 2.35e-06
-13.66 1.59e-04 2.55e-05 1.43e-05 2.29e-06
-13.50 1.65e-04 2.64e-05 1.38e-05 2.21e-06
-13.34 1.70e-04 2.72e-05 1.33e-05 2.13e-06
-13.18 1.74e-04 2.78e-05 1.27e-05 2.04e-06
-13.02 1.78e-04 2.84e-05 1.21e-05 1.94e-06
-12.86 1.80e-04 2.88e-05 1.15e-05 1.84e-06
-12.70 1.82e-04 2.92e-05 1.08e-05 1.73e-06
-12.54 1.83e-04 2.93e-05 1.01e-05 1.61e-06
-12.39 1.83e-04 2.93e-05 9.32e-06 1.49e-06
-12.23 1.82e-04 2.91e-05 8.60e-06 1.38e-06
-12.07 1.80e-04 2.88e-05 7.86e-06 1.26e-06
-11.91 1.77e-04 2.83e-05 7.14e-06 1.14e-06
-11.75 1.73e-04 2.77e-05 6.42e-06 1.03e-06
-11.59 1.68e-04 2.68e-05 5.74e-06 9.18e-07
-11.43 1.62e-04 2.59e-05 5.07e-06 8.12e-07
-11.27 1.55e-04 2.47e-05 4.45e-06 7.11e-07
-11.11 1.47e-04 2.35e-05 3.85e-06 6.17e-07
-10.96 1.38e-04 2.21e-05 3.28e-06 5.24e-07
-10.80 1.29e-04 2.06e-05 2.78e-06 4.44e-07
-10.64 1.19e-04 1.91e-05 2.33e-06 3.72e-07
-10.48 1.09e-04 1.75e-05 1.92e-06 3.08e-07
-10.32 9.89e-05 1.58e-05 1.57e-06 2.51e-07
-10.16 8.86e-05 1.42e-05 1.26e-06 2.02e-07
-10.00 7.84e-05 1.26e-05 1.00e-06 1.60e-07
-9.84 6.85e-05 1.10e-05 7.74e-07 1.24e-07
-9.69 5.91e-05 9.45e-06 5.91e-07 9.46e-08
-9.53 5.02e-05 8.04e-06 4.43e-07 7.08e-08
-9.37 4.21e-05 6.73e-06 3.24e-07 5.18e-08
-9.21 3.47e-05 5.55e-06 2.32e-07 3.70e-08
-9.05 2.81e-05 4.49e-06 1.61e-07 2.58e-08
-8.89 2.23e-05 3.57e-06 1.09e-07 1.75e-08
-8.73 1.74e-05 2.78e-06 7.18e-08 1.15e-08
-8.57 1.33e-05 2.12e-06 4.53e-08 7.25e-09
-8.41 9.83e-06 1.57e-06 2.76e-08 4.42e-09
-8.26 7.09e-06 1.13e-06 1.61e-08 2.58e-09
-8.10 4.94e-06 7.90e-07 8.95e-09 1.43e-09
-7.94 3.30e-06 5.29e-07 4.71e-09 7.54e-10
-7.78 2.11e-06 3.38e-07 2.33e-09 3.74e-10
-7.62 1.28e-06 2.05e-07 1.07e-09 1.72e-10
-7.46 7.33e-07 1.17e-07 4.61e-10 7.38e-11
-7.30 3.91e-07 6.25e-08 1.82e-10 2.91e-11
-7.14 1.92e-07 3.07e-08 6.52e-11 1.04e-11
-6.99 8.56e-08 1.37e-08 2.12e-11 3.39e-12
-6.83 3.43e-08 5.49e-09 6.20e-12 9.92e-13
-6.67 1.22e-08 1.95e-09 1.60e-12 2.56e-13
-6.51 3.78e-09 6.06e-10 3.64e-13 5.83e-14
-6.35 1.01e-09 1.62e-10 7.25e-14 1.16e-14
-6.19 2.29e-10 3.67e-11 1.27e-14 2.03e-15
-6.03 4.40e-11 7.04e-12 1.92e-15 3.07e-16
-5.87 7.27e-12 1.16e-12 2.31e-16 3.70e-17
-5.71 1.02e-12 1.63e-13 2.13e-17 3.41e-18
-5.56 1.13e-13 1.80e-14 1.28e-18 2.04e-19
-5.40 8.11e-15 1.30e-15 4.48e-20 7.17e-21
-5.24 2.98e-16 4.77e-17 7.32e-22 1.17e-22
-5.08 3.90e-18 6.25e-19 4.58e-24 7.32e-25
