x y_f0 y1_f0 y_f1 y1_f1
-31.92 2.00e-13 1.60e-13 2.46e-13 1.97e-13
-31.76 2.61e-13 2.09e-13 3.24e-13 2.59e-13
-31.60 3.40e-13 2.72e-13 4.26e-13 3.41e-13
-31.44 4.42e-13 3.54e-13 5.58e-13 4.47e-13
-31.29 5.75e-13 4.60e-13 7.33e-13 5.86e-13
-31.13 7.45e-13 5.96e-13 9.58e-13 7.67e-13
-30.97 9.65e-13 7.72e-13 1.25e-12 1.00e-12
-30.81 1.25e-12 9.94e-13 1.63e-12 1.30e-12
-30.65 1.61e-12 1.27e-12 2.12e-12 1.67e-12
-30.49 2.09e-12 1.63e-12 2.77e-12 2.16e-12
-30.33 2.69e-12 2.08e-12 3.59e-12 2.77e-12
-30.17 3.47e-12 2.66e-12 4.65e-12 3.56e-12
-30.01 4.47e-12 3.39e-12 6.03e-12 4.57e-12
-29.86 5.75e-12 4.32e-12 7.78e-12 5.84e-12
-29.70 7.40e-12 5.50e-12 1.01e-11 7.48e-12
-29.54 9.51e-12 7.00e-12 1.30e-11 9.53e-12
-29.38 1.22e-11 8.89e-12 1.67e-11 1.22e-11
-29.22 1.57e-11 1.13e-11 2.15e-11 1.55e-11
-29.06 2.01e-11 1.43e-11 2.75e-11 1.96e-11
-28.90 2.57e-11 1.82e-11 3.53e-11 2.49e-11
-28.74 3.29e-11 2.30e-11 4.51e-11 3.15e-11
-28.59 4.21e-11 2.91e-11 5.77e-11 3.99e-11
-28.43 5.38e-11 3.68e-11 7.35e-11 5.03e-11
-28.27 6.87e-11 4.64e-11 9.36e-11 6.33e-11
-28.11 8.76e-11 5.86e-11 1.19e-10 7.97e-11
-27.95 1.12e-10 7.38e-11 1.51e-10 9.97e-11
-27.79 1.42e-10 9.29e-11 1.91e-10 1.25e-10
-27.63 1.80e-10 1.17e-10 2.42e-10 1.56e-10
-27.47 2.29e-10 1.47e-10 3.05e-10 1.95e-10
-27.31 2.91e-10 1.84e-10 3.85e-10 2.43e-10
-27.16 3.69e-10 2.31e-10 4.83e-10 3.02e-10
-27.00 4.67e-10 2.89e-10 6.08e-10 3.76e-10
-26.84 5.91e-10 3.61e-10 7.60e-10 4.64e-10
-26.68 7.46e-10 4.50e-10 9.52e-10 5.74e-10
-26.52 9.41e-10 5.61e-10 1.19e-09 7.08e-10
-26.36 1.19e-09 6.98e-10 1.48e-09 8.70e-10
-26.20 1.49e-09 8.68e-10 1.84e-09 1.07e-09
-26.04 1.88e-09 1.08e-09 2.28e-09 1.31e-09
-25.89 2.36e-09 1.34e-09 2.83e-09 1.60e-09
-25.73 2.95e-09 1.65e-09 3.49e-09 1.95e-09
-25.57 3.70e-09 2.04e-09 4.31e-09 2.37e-09
-25.41 4.63e-09 2.52e-09 5.30e-09 2.88e-09
-25.25 5.77e-09 3.10e-09 6.50e-09 3.49e-09
-25.09 7.20e-09 3.80e-09 7.98e-09 4.22e-09
-24.93 8.96e-09 4.66e-09 9.76e-09 5.08e-09
-24.77 1.11e-08 5.71e-09 1.19e-08 6.11e-09
-24.61 1.38e-08 6.97e-09 1.45e-08 7.33e-09
-24.46 1.71e-08 8.50e-09 1.76e-08 8.75e-09
-24.30 2.12e-08 1.03e-08 2.14e-08 1.05e-08
-24.14 2.61e-08 1.26e-08 2.59e-08 1.24e-08
-23.98 3.22e-08 1.52e-08 3.13e-08 1.48e-08
-23.82 3.96e-08 1.84e-08 3.77e-08 1.75e-08
-23.66 4.87e-08 2.21e-08 4.53e-08 2.06e-08
-23.50 5.97e-08 2.66e-08 5.44e-08 2.43e-08
-23.34 7.30e-08 3.19e-08 6.51e-08 2.84e-08
-23.19 8.92e-08 3.82e-08 7.78e-08 3.33e-08
-23.03 1.09e-07 4.55e-08 9.28e-08 3.88e-08
-22.87 1.32e-07 5.41e-08 1.10e-07 4.52e-08
-22.71 1.61e-07 6.42e-08 1.31e-07 5.24e-08
-22.55 1.95e-07 7.58e-08 1.55e-07 6.05e-08
-22.39 2.35e-07 8.93e-08 1.84e-07 6.98e-08
-22.23 2.84e-07 1.05e-07 2.17e-07 8.01e-08
-22.07 3.42e-07 1.23e-07 2.55e-07 9.16e-08
-21.91 4.11e-07 1.43e-07 3.00e-07 1.05e-07
-21.76 4.94e-07 1.66e-07 3.52e-07 1.19e-07
-21.60 5.91e-07 1.93e-07 4.11e-07 1.34e-07
-21.44 7.06e-07 2.22e-07 4.80e-07 1.51e-07
-21.28 8.42e-07 2.55e-07 5.59e-07 1.70e-07
-21.12 1.00e-06 2.92e-07 6.49e-07 1.89e-07
-20.96 1.19e-06 3.32e-07 7.52e-07 2.10e-07
-20.80 1.41e-06 3.77e-07 8.69e-07 2.32e-07
-20.64 1.67e-06 4.25e-07 1.00e-06 2.55e-07
-20.49 1.97e-06 4.77e-07 1.15e-06 2.79e-07
-20.33 2.32e-06 5.32e-07 1.32e-06 3.03e-07
-20.17 2.72e-06 5.91e-07 1.51e-06 3.27e-07
-20.01 3.19e-06 6.51e-07 1.72e-06 3.50e-07
-19.85 3.74e-06 7.12e-07 1.95e-06 3.71e-07
-19.69 4.36e-06 7.73e-07 2.21e-06 3.91e-07
-19.53 5.09e-06 8.32e-07 2.50e-06 4.09e-07
-19.37 5.91e-06 9.46e-07 2.80e-06 4.48e-07
-19.21 6.86e-06 1.10e-06 3.14e-06 5.02e-07
-19.06 7.93e-06 1.27e-06 3.51e-06 5.61e-07
-18.90 9.15e-06 1.46e-06 3.90e-06 6.25e-07
-18.74 1.05e-05 1.69e-06 4.33e-06 6.93e-07
-18.58 1.21e-05 1.94e-06 4.79e-06 7.66e-07
-18.42 1.38e-05 2.21e-06 5.27e-06 8.43e-07
-18.26 1.58e-05 2.53e-06 5.78e-06 9.25e-07
-18.10 1.80e-05 2.88e-06 6.32e-06 1.01e-06
-17.94 2.04e-05 3.26e-06 6.88e-06 1.10e-06
-17.79 2.31e-05 3.69e-06 7.46e-06 1.19e-06
-17.63 2.60e-05 4.16e-06 8.06e-06 1.29e-06
-17.47 2.92e-05 4.67e-06 8.68e-06 1.39e-06
-17.31 3.27e-05 5.23e-06 9.30e-06 1.49e-06
-17.15 3.65e-05 5.84e-06 9.93e-06 1.59e-06
-16.99 4.06e-05 6.49e-06 1.06e-05 1.69e-06
-16.83 4.49e-05 7.19e-06 1.12e-05 1.79e-06
-16.67 4.96e-05 7.94e-06 1.18e-05 1.89e-06
-16.51 5.46e-05 8.73e-06 1.24e-05 1.98e-06
-16.36 5.98e-05 9.57e-06 1.30e-05 2.08e-06
-16.20 6.53e-05 1.04e-05 1.35e-05 2.17e-06
-16.04 7.11e-05 1.14e-05 1.40e-05 2.25e-06
-15.88 7.70e-05 1.23e-05 1.45e-05 2.32e-06
-15.72 8.32e-05 1.33e-05 1.50e-05 2.39e-06
-15.56 8.95e-05 1.43e-05 1.54e-05 2.46e-06
-15.40 9.59e-05 1.53e-05 1.57e-05 2.51e-06
-15.24 1.02e-04 1.64e-05 1.60e-05 2.55e-06
-15.09 1.09e-04 1.74e-05 1.62e-05 2.59e-06
-14.93 1.15e-04 1.85e-05 1.62e-05 2.60e-06
-14.77 1.22e-04 1.95e-05 1.62e-05 2.60e-06
-14.61 1.28e-04 2.05e-05 1.62e-05 2.60e-06
-14.45 1.34e-04 2.14e-05 1.62e-05 2.60e-06
-14.29 1.40e-04 2.24e-05 1.62e-05 2.60e-06
-14.13 1.45e-04 2.32e-05 1.62e-05 2.60e-06
-13.97 1.50e-04 2.40e-05 1.62e-05 2.60e-06
-13.81 1.55e-04 2.48e-05 1.62e-05 2.60e-06
-13.66 1.59e-04 2.54e-05 1.62e-05 2.60e-06
-13.50 1.63e-04 2.60e-05 1.62e-05 2.60e-06
-13.34 1.66e-04 2.65e-05 1.62e-05 2.60e-06
-13.18 1.68e-04 2.69e-05 1.62e-05 2.60e-06
-13.02 1.70e-04 2.72e-05 1.62e-05 2.60e-06
-12.86 1.71e-04 2.74e-05 1.62e-05 2.60e-06
-12.70 1.71e-04 2.74e-05 1.62e-05 2.60e-06
-12.54 1.71e-04 2.74e-05 1.62e-05 2.60e-06
-12.39 1.70e-04 2.72e-05 1.62e-05 2.60e-06
-12.23 1.68e-04 2.69e-05 1.62e-05 2.60e-06
-12.07 1.66e-04 2.65e-05 1.62e-05 2.60e-06
-11.91 1.62e-04 2.60e-05 1.62e-05 2.60e-06
-11.75 1.58e-04 2.53e-05 1.62e-05 2.60e-06
-11.59 1.53e-04 2.46e-05 1.62e-05 2.60e-06
-11.43 1.48e-04 2.37e-05 1.62e-05 2.60e-06
-11.27 1.42e-04 2.27e-05 1.62e-05 2.60e-06
-11.11 1.35e-04 2.17e-05 1.62e-05 2.60e-06
-10.96 1.28e-04 2.05e-05 1.62e-05 2.60e-06
-10.80 1.21e-04 1.93e-05 1.62e-05 2.60e-06
-10.64 1.12e-04 1.80e-05 1.62e-05 2.60e-06
-10.48 1.04e-04 1.67e-05 1.62e-05 2.60e-06
-10.32 9.57e-05 1.53e-05 1.62e-05 2.60e-06
-10.16 8.70e-05 1.39e-05 1.62e-05 2.60e-06
-10.00 7.84e-05 1.25e-05 1.62e-05 2.60e-06
-9.84 6.98e-05 1.12e-05 1.62e-05 2.60e-06
-9.69 6.15e-05 9.83e-06 1.62e-05 2.60e-06
-9.53 5.35e-05 8.55e-06 1.62e-05 2.60e-06
-9.37 4.59e-05 7.34e-06 1.62e-05 2.60e-06
-9.21 3.89e-05 6.22e-06 1.62e-05 2.60e-06
-9.05 3.24e-05 5.19e-06 1.62e-05 2.60e-06
-8.89 2.66e-05 4.26e-06 1.62e-05 2.60e-06
-8.73 2.15e-05 3.44e-06 1.62e-05 2.60e-06
-8.57 1.70e-05 2.72e-06 1.62e-05 2.60e-06
-8.41 1.32e-05 2.11e-06 1.62e-05 2.60e-06
-8.26 1.00e-05 1.60e-06 1.62e-05 2.60e-06
-8.10 7.39e-06 1.18e-06 1.62e-05 2.60e-06
-7.94 5.29e-06 8.46e-07 1.62e-05 2.60e-06
-7.78 3.65e-06 5.84e-07 1.62e-05 2.60e-06
-7.62 2.41e-06 3.86e-07 1.62e-05 2.60e-06
-7.46 1.52e-06 2.43e-07 1.62e-05 2.60e-06
-7.30 9.05e-07 1.45e-07 1.62e-05 2.60e-06
-7.14 5.03e-07 8.05e-08 1.62e-05 2.60e-06
-6.99 2.59e-07 4.14e-08 1.62e-05 2.60e-06
-6.83 1.21e-07 1.94e-08 1.62e-05 2.60e-06
-6.67 5.13e-08 8.21e-09 1.62e-05 2.60e-06
-6.51 1.92e-08 3.07e-09 1.62e-05 2.60e-06
-6.35 6.26e-09 1.00e-09 1.62e-05 2.60e-06
-6.19 1.74e-09 2.79e-10 1.62e-05 2.60e-06
-6.03 4.10e-10 6.56e-11 1.62e-05 2.60e-06
-5.87 8.12e-11 1.30e-11 1.62e-05 2.60e-06
-5.71 1.37e-11 2.18e-12 1.62e-05 2.60e-06
-5.56 1.98e-12 3.18e-13 1.62e-05 2.60e-06
-5.40 2.31e-13 3.69e-14 1.62e-05 2.60e-06
-5.24 1.76e-14 2.82e-15 1.62e-05 2.60e-06
-5.08 6.63e-16 1.06e-16 1.62e-05 2.60e-06
