x y_f0 y1_f0 y_f1 y1_f1
-31.92 1.64e-14 1.31e-14 1.12e-14 8.95e-15
-31.76 2.17e-14 1.73e-14 1.50e-14 1.20e-14
-31.60 2.85e-14 2.28e-14 2.01e-14 1.61e-14
-31.44 3.76e-14 3.01e-14 2.68e-14 2.15e-14
-31.29 4.94e-14 3.95e-14 3.60e-14 2.88e-14
-31.13 6.49e-14 5.19e-14 4.80e-14 3.84e-14
-30.97 8.51e-14 6.81e-14 6.40e-14 5.12e-14
-30.81 1.12e-13 8.89e-14 8.54e-14 6.79e-14
-30.65 1.46e-13 1.15e-13 1.13e-13 8.92e-14
-30.49 1.91e-13 1.49e-13 1.51e-13 1.18e-13
-30.33 2.50e-13 1.94e-13 2.00e-13 1.55e-13
-30.17 3.27e-13 2.51e-13 2.65e-13 2.03e-13
-30.01 4.28e-13 3.24e-13 3.52e-13 2.67e-13
-29.86 5.59e-13 4.19e-13 4.63e-13 3.48e-13
-29.70 7.29e-13 5.42e-13 6.15e-13 4.57e-13
-29.54 9.51e-13 7.00e-13 8.10e-13 5.96e-13
-29.38 1.24e-12 9.03e-13 1.07e-12 7.78e-13
-29.22 1.61e-12 1.16e-12 1.41e-12 1.02e-12
-29.06 2.10e-12 1.50e-12 1.85e-12 1.32e-12
-28.90 2.73e-12 1.93e-12 2.43e-12 1.72e-12
-28.74 3.56e-12 2.48e-12 3.18e-12 2.22e-12
-28.59 4.62e-12 3.19e-12 4.18e-12 2.89e-12
-28.43 6.00e-12 4.10e-12 5.45e-12 3.73e-12
-28.27 7.78e-12 5.26e-12 7.13e-12 4.82e-12
-28.11 1.01e-11 6.75e-12 9.31e-12 6.23e-12
-27.95 1.31e-11 8.65e-12 1.21e-11 8.00e-12
-27.79 1.69e-11 1.11e-11 1.58e-11 1.03e-11
-27.63 2.19e-11 1.42e-11 2.04e-11 1.32e-11
-27.47 2.83e-11 1.81e-11 2.66e-11 1.70e-11
-27.31 3.65e-11 2.31e-11 3.43e-11 2.17e-11
-27.16 4.72e-11 2.95e-11 4.42e-11 2.77e-11
-27.00 6.08e-11 3.76e-11 5.73e-11 3.54e-11
-26.84 7.83e-11 4.78e-11 7.36e-11 4.49e-11
-26.68 1.01e-10 6.08e-11 9.49e-11 5.72e-11
-26.52 1.30e-10 7.73e-11 1.22e-10 7.26e-11
-26.36 1.67e-10 9.80e-11 1.56e-10 9.17e-11
-26.20 2.14e-10 1.24e-10 2.00e-10 1.16e-10
-26.04 2.74e-10 1.57e-10 2.55e-10 1.46e-10
-25.89 3.51e-10 1.99e-10 3.25e-10 1.84e-10
-25.73 4.49e-10 2.51e-10 4.11e-10 2.30e-10
-25.57 5.73e-10 3.16e-10 5.23e-10 2.88e-10
-25.41 7.32e-10 3.98e-10 6.63e-10 3.61e-10
-25.25 9.33e-10 5.00e-10 8.36e-10 4.48e-10
-25.09 1.19e-09 6.27e-10 1.06e-09 5.58e-10
-24.93 1.51e-09 7.86e-10 1.33e-09 6.92e-10
-24.77 1.92e-09 9.83e-10 1.67e-09 8.56e-10
-24.61 2.43e-09 1.23e-09 2.10e-09 1.06e-09
-24.46 3.08e-09 1.53e-09 2.62e-09 1.30e-09
-24.30 3.89e-09 1.90e-09 3.27e-09 1.60e-09
-24.14 4.91e-09 2.36e-09 4.06e-09 1.95e-09
-23.98 6.19e-09 2.92e-09 5.03e-09 2.37e-09
-23.82 7.79e-09 3.61e-09 6.25e-09 2.90e-09
-23.66 9.79e-09 4.45e-09 7.70e-09 3.50e-09
-23.50 1.23e-08 5.48e-09 9.51e-09 4.24e-09
-23.34 1.54e-08 6.72e-09 1.17e-08 5.11e-09
-23.19 1.92e-08 8.22e-09 1.43e-08 6.14e-09
-23.03 2.39e-08 1.00e-08 1.76e-08 7.35e-09
-22.87 2.98e-08 1.22e-08 2.14e-08 8.77e-09
-22.71 3.70e-08 1.48e-08 2.61e-08 1.04e-08
-22.55 4.59e-08 1.79e-08 3.18e-08 1.24e-08
-22.39 5.68e-08 2.16e-08 3.84e-08 1.46e-08
-22.23 7.02e-08 2.59e-08 4.66e-08 1.72e-08
-22.07 8.65e-08 3.10e-08 5.62e-08 2.02e-08
-21.91 1.06e-07 3.70e-08 6.76e-08 2.35e-08
-21.76 1.30e-07 4.40e-08 8.11e-08 2.74e-08
-21.60 1.60e-07 5.20e-08 9.75e-08 3.18e-08
-21.44 1.95e-07 6.13e-08 1.17e-07 3.67e-08
-21.28 2.37e-07 7.20e-08 1.39e-07 4.22e-08
-21.12 2.88e-07 8.41e-08 1.66e-07 4.83e-08
-20.96 3.50e-07 9.77e-08 1.97e-07 5.51e-08
-20.80 4.23e-07 1.13e-07 2.34e-07 6.25e-08
-20.64 5.10e-07 1.30e-07 2.77e-07 7.05e-08
-20.49 6.15e-07 1.49e-07 3.26e-07 7.91e-08
-20.33 7.38e-07 1.70e-07 3.84e-07 8.83e-08
-20.17 8.85e-07 1.92e-07 4.52e-07 9.80e-08
-20.01 1.06e-06 2.16e-07 5.29e-07 1.08e-07
-19.85 1.26e-06 2.41e-07 6.19e-07 1.18e-07
-19.69 1.50e-06 2.67e-07 7.25e-07 1.29e-07
-19.53 1.79e-06 2.93e-07 8.47e-07 1.39e-07
-19.37 2.12e-06 3.39e-07 9.79e-07 1.57e-07
-19.21 2.51e-06 4.01e-07 1.13e-06 1.81e-07
-19.06 2.96e-06 4.74e-07 1.31e-06 2.09e-07
-18.90 3.49e-06 5.59e-07 1.51e-06 2.41e-07
-18.74 4.11e-06 6.57e-07 1.72e-06 2.76e-07
-18.58 4.82e-06 7.72e-07 1.97e-06 3.15e-07
-18.42 5.65e-06 9.03e-07 2.25e-06 3.60e-07
-18.26 6.60e-06 1.06e-06 2.55e-06 4.08e-07
-18.10 7.69e-06 1.23e-06 2.88e-06 4.61e-07
-17.94 8.93e-06 1.43e-06 3.25e-06 5.20e-07
-17.79 1.03e-05 1.66e-06 3.65e-06 5.84e-07
-17.63 1.20e-05 1.91e-06 4.08e-06 6.53e-07
-17.47 1.38e-05 2.21e-06 4.55e-06 7.28e-07
-17.31 1.58e-05 2.53e-06 5.05e-06 8.07e-07
-17.15 1.81e-05 2.90e-06 5.57e-06 8.92e-07
-16.99 2.07e-05 3.31e-06 6.15e-06 9.84e-07
-16.83 2.35e-05 3.76e-06 6.70e-06 1.07e-06
-16.67 2.66e-05 4.26e-06 7.35e-06 1.18e-06
-16.51 3.00e-05 4.80e-06 7.97e-06 1.27e-06
-16.36 3.38e-05 5.40e-06 8.60e-06 1.38e-06
-16.20 3.78e-05 6.05e-06 9.29e-06 1.49e-06
-16.04 4.22e-05 6.75e-06 9.99e-06 1.60e-06
-15.88 4.69e-05 7.50e-06 1.06e-05 1.70e-06
-15.72 5.19e-05 8.31e-06 1.13e-05 1.81e-06
-15.56 5.73e-05 9.16e-06 1.20e-05 1.92e-06
-15.40 6.29e-05 1.01e-05 1.26e-05 2.02e-06
-15.24 6.88e-05 1.10e-05 1.33e-05 2.12e-06
-15.09 7.50e-05 1.20e-05 1.39e-05 2.22e-06
-14.93 8.14e-05 1.30e-05 1.40e-05 2.24e-06
-14.77 8.80e-05 1.41e-05 1.40e-05 2.24e-06
-14.61 9.47e-05 1.52e-05 1.40e-05 2.24e-06
-14.45 1.02e-04 1.62e-05 1.40e-05 2.24e-06
-14.29 1.08e-04 1.74e-05 1.40e-05 2.24e-06
-14.13 1.15e-04 1.84e-05 1.40e-05 2.24e-06
-13.97 1.22e-04 1.95e-05 1.40e-05 2.24e-06
-13.81 1.29e-04 2.06e-05 1.40e-05 2.24e-06
-13.66 1.35e-04 2.16e-05 1.40e-05 2.24e-06
-13.50 1.41e-04 2.26e-05 1.40e-05 2.24e-06
-13.34 1.47e-04 2.35e-05 1.40e-05 2.24e-06
-13.18 1.53e-04 2.44e-05 1.40e-05 2.24e-06
-13.02 1.58e-04 2.52e-05 1.40e-05 2.24e-06
-12.86 1.62e-04 2.60e-05 1.40e-05 2.24e-06
-12.70 1.66e-04 2.66e-05 1.40e-05 2.24e-06
-12.54 1.70e-04 2.71e-05 1.40e-05 2.24e-06
-12.39 1.72e-04 2.76e-05 1.40e-05 2.24e-06
-12.23 1.74e-04 2.79e-05 1.40e-05 2.24e-06
-12.07 1.76e-04 2.81e-05 1.40e-05 2.24e-06
-11.91 1.76e-04 2.82e-05 1.40e-05 2.24e-06
-11.75 1.76e-04 2.82e-05 1.40e-05 2.24e-06
-11.59 1.75e-04 2.80e-05 1.40e-05 2.24e-06
-11.43 1.73e-04 2.77e-05 1.40e-05 2.24e-06
-11.27 1.71e-04 2.73e-05 1.40e-05 2.24e-06
-11.11 1.67e-04 2.68e-05 1.40e-05 2.24e-06
-10.96 1.63e-04 2.61e-05 1.40e-05 2.24e-06
-10.80 1.58e-04 2.53e-05 1.40e-05 2.24e-06
-10.64 1.53e-04 2.44e-05 1.40e-05 2.24e-06
-10.48 1.46e-04 2.34e-05 1.40e-05 2.24e-06
-10.32 1.39e-04 2.23e-05 1.40e-05 2.24e-06
-10.16 1.32e-04 2.11e-05 1.40e-05 2.24e-06
-10.00 1.24e-04 1.98e-05 1.40e-05 2.24e-06
-9.84 1.15e-04 1.84e-05 1.40e-05 2.24e-06
-9.69 1.06e-04 1.70e-05 1.40e-05 2.24e-06
-9.53 9.69e-05 1.55e-05 1.40e-05 2.24e-06
-9.37 8.75e-05 1.40e-05 1.40e-05 2.24e-06
-9.21 7.80e-05 1.25e-05 1.40e-05 2.24e-06
-9.05 6.88e-05 1.10e-05 1.40e-05 2.24e-06
-8.89 5.98e-05 9.56e-06 1.40e-05 2.24e-06
-8.73 5.12e-05 8.19e-06 1.40e-05 2.24e-06
-8.57 4.32e-05 6.91e-06 1.40e-05 2.24e-06
-8.41 3.59e-05 5.74e-06 1.40e-05 2.24e-06
-8.26 2.93e-05 4.68e-06 1.40e-05 2.24e-06
-8.10 2.35e-05 3.75e-06 1.40e-05 2.24e-06
-7.94 1.84e-05 2.94e-06 1.40e-05 2.24e-06
-7.78 1.41e-05 2.25e-06 1.40e-05 2.24e-06
-7.62 1.05e-05 1.67e-06 1.40e-05 2.24e-06
-7.46 7.52e-06 1.20e-06 1.40e-05 2.24e-06
-7.30 5.18e-06 8.28e-07 1.40e-05 2.24e-06
-7.14 3.39e-06 5.43e-07 1.40e-05 2.24e-06
-6.99 2.09e-06 3.34e-07 1.40e-05 2.24e-06
-6.83 1.20e-06 1.91e-07 1.40e-05 2.24e-06
-6.67 6.27e-07 1.00e-07 1.40e-05 2.24e-06
-6.51 2.96e-07 4.74e-08 1.40e-05 2.24e-06
-6.35 1.24e-07 1.98e-08 1.40e-05 2.24e-06
-6.19 4.47e-08 7.15e-09 1.40e-05 2.24e-06
-6.03 1.36e-08 2.19e-09 1.40e-05 2.24e-06
-5.87 3.46e-09 5.53e-10 1.40e-05 2.24e-06
-5.71 7.19e-10 1.15e-10 1.40e-05 2.24e-06
-5.56 1.27e-10 2.02e-11 1.40e-05 2.24e-06
-5.40 1.95e-11 3.12e-12 1.40e-05 2.24e-06
-5.24 2.44e-12 3.90e-13 1.40e-05 2.24e-06
-5.08 1.85e-13 2.96e-14 1.40e-05 2.24e-06
